
path(center)
    vert(-7.5317, 186.3278, 0.0000)
    vert(3.3707, 186.4978, 0.0000)
    vert(14.2731, 186.6679, 0.0000)
    vert(25.1756, 186.8380, 0.0000)
    vert(36.0780, 187.0080, 0.0000)
    vert(46.9804, 187.1781, 0.0000)
    vert(57.8829, 187.3482, 0.0000)
    vert(68.7853, 187.5182, 0.0000)
    vert(79.6877, 187.6883, 0.0000)
    vert(90.5902, 187.8584, 0.0000)
    vert(101.4926, 188.0284, 0.0000)
    vert(115.0629, 188.1633, 0.0000)
    vert(129.5521, 188.2633, 0.0000)
    vert(144.0413, 188.3633, 0.0000)
    vert(158.5305, 188.4634, 0.0000)
    vert(173.0197, 188.5634, 0.0000)
    vert(187.5090, 188.6635, 0.0000)
    vert(201.9982, 188.7635, 0.0000)
    vert(216.4875, 188.8636, 0.0000)
    vert(230.9767, 188.9636, 0.0000)
    vert(245.4659, 189.0637, 0.0000)
    vert(259.9551, 189.1637, 0.0000)
    vert(274.4444, 189.2638, 0.0000)
    vert(288.9336, 189.3638, 0.0000)
    vert(303.4228, 189.4639, 0.0000)
    vert(317.9121, 189.5639, 0.0000)
    vert(332.4013, 189.6639, 0.0000)
    vert(346.8905, 189.7640, 0.0000)
    vert(362.1924, 189.8559, 0.0000)
    vert(374.3132, 189.8979, 0.0000)
    vert(386.4339, 189.9398, 0.0000)
    vert(398.5547, 189.9818, 0.0000)
    vert(410.6754, 190.0238, 0.0000)
    vert(422.7962, 190.0658, 0.0000)
    vert(434.9170, 190.1078, 0.0000)
    vert(447.0378, 190.1498, 0.0000)
    vert(459.1584, 190.1918, 0.0000)
    vert(471.2792, 190.2338, 0.0000)
    vert(483.4000, 190.2758, 0.0000)
    vert(495.5207, 190.3177, 0.0000)
    vert(507.6414, 190.3597, 0.0000)
    vert(519.7622, 190.4017, 0.0000)
    vert(531.8831, 190.4437, 0.0000)
    vert(544.0038, 190.4857, 0.0000)
    vert(556.1245, 190.5277, 0.0000)
    vert(568.2452, 190.5697, 0.0000)
    vert(580.3661, 190.6117, 0.0000)
    vert(592.4867, 190.6536, 0.0000)
    vert(604.6075, 190.6956, 0.0000)
    vert(616.7283, 190.7376, 0.0000)
    vert(628.8490, 190.7796, 0.0000)
    vert(640.9697, 190.8216, 0.0000)
    vert(653.0906, 190.8636, 0.0000)
    vert(665.2113, 190.9055, 0.0000)
    vert(675.9990, 190.7699, 0.0000)
    vert(687.0048, 189.6471, 0.0000)
    vert(698.0106, 188.5244, 0.0000)
    vert(709.0164, 187.4016, 0.0000)
    vert(720.0221, 186.2788, 0.0000)
    vert(731.0280, 185.1561, 0.0000)
    vert(740.9940, 183.9030, 0.0000)
    vert(751.2281, 182.5965, 0.0000)
    vert(760.9536, 179.2641, 0.0000)
    vert(770.4623, 175.2014, 0.0000)
    vert(778.8171, 169.3303, 0.0000)
    vert(786.7180, 162.5767, 0.0000)
    vert(793.4600, 154.9152, 0.0000)
    vert(800.2020, 147.2538, 0.0000)
    vert(805.1077, 138.3828, 0.0000)
    vert(809.0029, 129.1084, 0.0000)
    vert(812.2280, 119.3348, 0.0000)
    vert(814.3569, 109.4877, 0.0000)
    vert(813.5143, 99.0809, 0.0000)
    vert(812.2159, 88.8788, 0.0000)
    vert(809.6046, 79.1000, 0.0000)
    vert(805.9969, 69.3368, 0.0000)
    vert(801.0822, 60.2227, 0.0000)
    vert(796.1674, 51.1086, 0.0000)
    vert(790.0270, 41.3349, 0.0000)
    vert(783.1991, 32.7167, 0.0000)
    vert(776.3711, 24.0985, 0.0000)
    vert(769.5432, 15.4803, 0.0000)
    vert(762.7153, 6.8621, 0.0000)
    vert(755.8873, -1.7561, 0.0000)
    vert(749.0594, -10.3743, 0.0000)
    vert(742.2316, -18.9925, 0.0000)
    vert(735.6407, -27.6924, 0.0000)
    vert(729.0004, -36.4802, 0.0000)
    vert(722.3601, -45.2679, 0.0000)
    vert(715.7198, -54.0556, 0.0000)
    vert(709.0796, -62.8434, 0.0000)
    vert(702.4393, -71.6311, 0.0000)
    vert(695.7990, -80.4189, 0.0000)
    vert(689.1588, -89.2066, 0.0000)
    vert(682.8220, -97.4116, 0.0000)
    vert(676.3555, -105.0737, 0.0000)
    vert(669.0723, -112.1244, 0.0000)
    vert(660.2444, -117.1428, 0.0000)
    vert(650.9987, -121.6874, 0.0000)
    vert(641.6201, -125.6450, 0.0000)
    vert(631.5978, -126.7815, 0.0000)
    vert(621.3478, -126.4529, 0.0000)
    vert(611.0829, -124.7420, 0.0000)
    vert(600.8179, -123.0312, 0.0000)
    vert(588.8296, -120.9705, 0.0000)
    vert(578.3052, -118.9086, 0.0000)
    vert(567.7808, -116.8467, 0.0000)
    vert(557.2565, -114.7848, 0.0000)
    vert(546.7321, -112.7229, 0.0000)
    vert(536.2076, -110.6610, 0.0000)
    vert(525.6832, -108.5991, 0.0000)
    vert(515.1589, -106.5372, 0.0000)
    vert(504.6345, -104.4753, 0.0000)
    vert(494.1101, -102.4133, 0.0000)
    vert(483.5857, -100.3514, 0.0000)
    vert(473.0614, -98.2895, 0.0000)
    vert(462.5370, -96.2276, 0.0000)
    vert(452.0126, -94.1657, 0.0000)
    vert(441.4882, -92.1038, 0.0000)
    vert(430.9638, -90.0419, 0.0000)
    vert(420.4394, -87.9800, 0.0000)
    vert(409.9150, -85.9181, 0.0000)
    vert(399.4546, -83.9909, 0.0000)
    vert(388.5190, -82.0057, 0.0000)
    vert(377.5833, -80.0206, 0.0000)
    vert(366.6478, -78.0353, 0.0000)
    vert(355.7121, -76.0502, 0.0000)
    vert(344.7765, -74.0650, 0.0000)
    vert(333.8409, -72.0798, 0.0000)
    vert(323.7585, -70.8712, 0.0000)
    vert(313.5791, -71.3702, 0.0000)
    vert(303.5541, -72.2290, 0.0000)
    vert(293.5560, -74.2629, 0.0000)
    vert(283.9583, -77.3424, 0.0000)
    vert(274.3606, -80.4219, 0.0000)
    vert(264.4442, -84.9707, 0.0000)
    vert(254.9862, -90.1395, 0.0000)
    vert(245.5282, -95.3082, 0.0000)
    vert(236.0702, -100.4770, 0.0000)
    vert(226.6122, -105.6457, 0.0000)
    vert(217.1542, -110.8145, 0.0000)
    vert(207.8562, -115.4544, 0.0000)
    vert(198.5877, -119.9966, 0.0000)
    vert(189.3192, -124.5388, 0.0000)
    vert(180.0507, -129.0811, 0.0000)
    vert(170.7822, -133.6233, 0.0000)
    vert(161.5981, -138.1251, 0.0000)
    vert(152.4408, -142.6363, 0.0000)
    vert(143.2834, -147.1476, 0.0000)
    vert(134.1261, -151.6588, 0.0000)
    vert(124.9688, -156.1700, 0.0000)
    vert(115.7079, -160.9247, 0.0000)
    vert(106.4494, -166.1185, 0.0000)
    vert(97.1909, -171.3123, 0.0000)
    vert(87.9324, -176.5061, 0.0000)
    vert(78.4369, -181.5181, 0.0000)
    vert(68.5575, -186.5036, 0.0000)
    vert(58.6781, -191.4891, 0.0000)
    vert(48.7986, -196.4746, 0.0000)
    vert(38.9192, -201.4601, 0.0000)
    vert(29.0398, -206.4457, 0.0000)
    vert(20.0186, -210.9669, 0.0000)
    vert(10.9859, -215.4832, 0.0000)
    vert(1.7740, -219.7866, 0.0000)
    vert(-8.0813, -222.6174, 0.0000)
    vert(-18.2358, -225.1445, 0.0000)
    vert(-28.5022, -225.6798, 0.0000)
    vert(-38.7687, -226.2151, 0.0000)
    vert(-49.0352, -226.7503, 0.0000)
    vert(-58.8312, -224.6089, 0.0000)
    vert(-68.7312, -222.1339, 0.0000)
    vert(-78.6311, -219.6589, 0.0000)
    vert(-88.5905, -216.7851, 0.0000)
    vert(-97.7263, -212.3712, 0.0000)
    vert(-106.8621, -207.9572, 0.0000)
    vert(-115.5958, -202.7206, 0.0000)
    vert(-123.0639, -195.6190, 0.0000)
    vert(-130.5319, -188.5174, 0.0000)
    vert(-138.0000, -181.4157, 0.0000)
    vert(-144.6368, -173.2231, 0.0000)
    vert(-150.2258, -164.8034, 0.0000)
    vert(-155.8148, -156.3837, 0.0000)
    vert(-159.5208, -146.9593, 0.0000)
    vert(-162.4998, -136.9486, 0.0000)
    vert(-165.4789, -126.9380, 0.0000)
    vert(-168.4580, -116.9274, 0.0000)
    vert(-169.8858, -106.6651, 0.0000)
    vert(-171.2567, -96.4522, 0.0000)
    vert(-172.6276, -86.2392, 0.0000)
    vert(-174.2801, -74.3021, 0.0000)
    vert(-175.6666, -64.3133, 0.0000)
    vert(-177.0530, -54.3245, 0.0000)
    vert(-178.4395, -44.3357, 0.0000)
    vert(-179.8260, -34.3468, 0.0000)
    vert(-181.2125, -24.3580, 0.0000)
    vert(-182.5990, -14.3692, 0.0000)
    vert(-183.9854, -4.3803, 0.0000)
    vert(-185.3719, 5.6085, 0.0000)
    vert(-186.7584, 15.5973, 0.0000)
    vert(-188.1449, 25.5861, 0.0000)
    vert(-189.5314, 35.5750, 0.0000)
    vert(-190.9661, 45.5711, 0.0000)
    vert(-193.2055, 55.5613, 0.0000)
    vert(-195.4449, 65.5514, 0.0000)
    vert(-200.1655, 74.4719, 0.0000)
    vert(-205.9474, 82.7741, 0.0000)
    vert(-214.2133, 88.8827, 0.0000)
    vert(-223.3138, 93.8321, 0.0000)
    vert(-233.0642, 96.3514, 0.0000)
    vert(-243.2257, 97.8777, 0.0000)
    vert(-253.3873, 96.0098, 0.0000)
    vert(-263.5489, 94.1419, 0.0000)
    vert(-273.0157, 89.9699, 0.0000)
    vert(-282.3386, 85.5223, 0.0000)
    vert(-291.6614, 81.0747, 0.0000)
    vert(-301.4843, 76.2478, 0.0000)
    vert(-311.0603, 71.3685, 0.0000)
    vert(-320.6363, 66.4893, 0.0000)
    vert(-330.2122, 61.6101, 0.0000)
    vert(-339.7881, 56.7308, 0.0000)
    vert(-349.3641, 51.8516, 0.0000)
    vert(-358.9400, 46.9723, 0.0000)
    vert(-368.5159, 42.0931, 0.0000)
    vert(-377.7802, 37.4750, 0.0000)
    vert(-387.0459, 32.8563, 0.0000)
    vert(-396.3116, 28.2376, 0.0000)
    vert(-405.5773, 23.6190, 0.0000)
    vert(-414.8430, 19.0003, 0.0000)
    vert(-424.1087, 14.3816, 0.0000)
    vert(-433.3744, 9.7630, 0.0000)
    vert(-442.6400, 5.1443, 0.0000)
    vert(-451.7306, 0.1211, 0.0000)
    vert(-460.4710, -5.8691, 0.0000)
    vert(-469.2114, -11.8594, 0.0000)
    vert(-477.7656, -17.8033, 0.0000)
    vert(-484.4371, -25.6607, 0.0000)
    vert(-491.0818, -33.5608, 0.0000)
    vert(-495.6720, -42.6099, 0.0000)
    vert(-500.2621, -51.6591, 0.0000)
    vert(-501.7065, -61.8962, 0.0000)
    vert(-502.0909, -71.9609, 0.0000)
    vert(-502.4753, -82.0256, 0.0000)
    vert(-501.3792, -92.0659, 0.0000)
    vert(-500.1247, -101.9875, 0.0000)
    vert(-499.7575, -112.1281, 0.0000)
    vert(-501.3883, -122.1637, 0.0000)
    vert(-503.0191, -132.1993, 0.0000)
    vert(-507.1365, -141.5245, 0.0000)
    vert(-511.4017, -150.8074, 0.0000)
    vert(-517.0857, -159.3199, 0.0000)
    vert(-523.8298, -167.2566, 0.0000)
    vert(-531.2856, -174.5082, 0.0000)
    vert(-540.6398, -178.6208, 0.0000)
    vert(-549.9940, -182.7334, 0.0000)
    vert(-559.6443, -185.4640, 0.0000)
    vert(-569.4823, -187.3187, 0.0000)
    vert(-579.3247, -189.1656, 0.0000)
    vert(-589.3965, -188.6964, 0.0000)
    vert(-599.4684, -188.2273, 0.0000)
    vert(-610.6740, -187.6349, 0.0000)
    vert(-622.9736, -186.6674, 0.0000)
    vert(-635.2733, -185.6997, 0.0000)
    vert(-647.5730, -184.7321, 0.0000)
    vert(-659.8727, -183.7645, 0.0000)
    vert(-672.1724, -182.7968, 0.0000)
    vert(-684.4722, -181.8292, 0.0000)
    vert(-696.7719, -180.8616, 0.0000)
    vert(-709.0714, -179.8940, 0.0000)
    vert(-721.3712, -178.9264, 0.0000)
    vert(-733.6709, -177.9587, 0.0000)
    vert(-743.6921, -175.8040, 0.0000)
    vert(-753.5454, -173.0670, 0.0000)
    vert(-763.0369, -169.2894, 0.0000)
    vert(-772.2286, -164.5453, 0.0000)
    vert(-780.4580, -158.4772, 0.0000)
    vert(-787.6084, -151.3268, 0.0000)
    vert(-793.3267, -142.9453, 0.0000)
    vert(-798.6174, -134.0950, 0.0000)
    vert(-802.5862, -124.8349, 0.0000)
    vert(-805.1000, -115.0155, 0.0000)
    vert(-805.9896, -104.9343, 0.0000)
    vert(-805.7238, -94.5642, 0.0000)
    vert(-804.2981, -84.3005, 0.0000)
    vert(-801.5568, -74.5153, 0.0000)
    vert(-796.9950, -65.3920, 0.0000)
    vert(-791.6946, -56.8660, 0.0000)
    vert(-784.5498, -49.1476, 0.0000)
    vert(-777.4049, -41.4291, 0.0000)
    vert(-768.6158, -35.7660, 0.0000)
    vert(-757.9529, -30.3490, 0.0000)
    vert(-747.2902, -24.9321, 0.0000)
    vert(-736.6273, -19.5151, 0.0000)
    vert(-725.9645, -14.0982, 0.0000)
    vert(-715.3015, -8.6812, 0.0000)
    vert(-704.6387, -3.2643, 0.0000)
    vert(-693.9758, 2.1527, 0.0000)
    vert(-683.3130, 7.5697, 0.0000)
    vert(-672.6501, 12.9866, 0.0000)
    vert(-659.0599, 19.9271, 0.0000)
    vert(-648.7250, 25.2529, 0.0000)
    vert(-638.3899, 30.5787, 0.0000)
    vert(-628.0549, 35.9045, 0.0000)
    vert(-617.7198, 41.2304, 0.0000)
    vert(-607.3848, 46.5562, 0.0000)
    vert(-597.0498, 51.8820, 0.0000)
    vert(-586.7147, 57.2079, 0.0000)
    vert(-576.3798, 62.5337, 0.0000)
    vert(-566.0447, 67.8595, 0.0000)
    vert(-555.7097, 73.1854, 0.0000)
    vert(-545.3746, 78.5112, 0.0000)
    vert(-535.0397, 83.8370, 0.0000)
    vert(-524.7046, 89.1628, 0.0000)
    vert(-514.3696, 94.4887, 0.0000)
    vert(-504.0345, 99.8145, 0.0000)
    vert(-493.6996, 105.1403, 0.0000)
    vert(-483.3645, 110.4662, 0.0000)
    vert(-473.0295, 115.7920, 0.0000)
    vert(-462.6945, 121.1178, 0.0000)
    vert(-452.3595, 126.4437, 0.0000)
    vert(-442.0244, 131.7695, 0.0000)
    vert(-431.6894, 137.0953, 0.0000)
    vert(-421.3544, 142.4211, 0.0000)
    vert(-411.0193, 147.7470, 0.0000)
    vert(-400.6843, 153.0728, 0.0000)
    vert(-391.6231, 157.4370, 0.0000)
    vert(-381.5651, 161.5263, 0.0000)
    vert(-371.5071, 165.6156, 0.0000)
    vert(-361.4490, 169.7049, 0.0000)
    vert(-351.3910, 173.7942, 0.0000)
    vert(-341.7824, 177.6867, 0.0000)
    vert(-332.1863, 180.7913, 0.0000)
    vert(-322.1741, 182.8496, 0.0000)
    vert(-312.2151, 183.9221, 0.0000)
    vert(-302.2561, 184.9946, 0.0000)
    vert(-291.7070, 185.5790, 0.0000)
    vert(-281.5060, 186.0225, 0.0000)
    vert(-271.3052, 186.4660, 0.0000)
    vert(-261.1043, 186.9095, 0.0000)
    vert(-246.8131, 187.2887, 0.0000)
    vert(-232.7615, 187.2323, 0.0000)
    vert(-218.7099, 187.1758, 0.0000)
    vert(-204.6583, 187.1194, 0.0000)
    vert(-190.6067, 187.0630, 0.0000)
    vert(-176.5550, 187.0065, 0.0000)
    vert(-162.5034, 186.9501, 0.0000)
    vert(-148.4518, 186.8937, 0.0000)
    vert(-134.4002, 186.8372, 0.0000)
    vert(-120.3486, 186.7808, 0.0000)
    vert(-106.2970, 186.7244, 0.0000)
    vert(-92.2453, 186.6679, 0.0000)
    vert(-78.1937, 186.6115, 0.0000)
    vert(-64.1421, 186.5551, 0.0000)
    vert(-50.0905, 186.4987, 0.0000)
    vert(-36.0389, 186.4422, 0.0000)
    vert(-21.9873, 186.3858, 0.0000)
    vert(-7.9356, 186.3294, 0.0000)
end

marker(check1)
    vert(-7.9523, 174.0922, 0.0000)
    vert(-7.9523, 197.8638, 0.0000)
end
begin
  modobject(asphalt.mod, 0, 0, 0, 0)
  modobject(wallcli.mod, 3, 0, 0, 0)
  modobject(wallclo.mod, 3, 0, 0, 0)
  modobject(wallcri.mod, 3, 0, 0, 0)
  modobject(wallcro.mod, 3, 0, 0, 0)

end
end
